(kicad_pcb (version 20171130) (host pcbnew "(5.1.6)-1")

  (general
    (thickness 1.6)
    (drawings 12)
    (tracks 77)
    (zones 0)
    (modules 10)
    (nets 11)
  )

  (page A4)
  (layers
    (0 F.Cu signal)
    (31 B.Cu signal)
    (32 B.Adhes user hide)
    (33 F.Adhes user hide)
    (34 B.Paste user hide)
    (35 F.Paste user hide)
    (36 B.SilkS user)
    (37 F.SilkS user hide)
    (38 B.Mask user hide)
    (39 F.Mask user hide)
    (40 Dwgs.User user hide)
    (41 Cmts.User user hide)
    (42 Eco1.User user hide)
    (43 Eco2.User user hide)
    (44 Edge.Cuts user)
    (45 Margin user hide)
    (46 B.CrtYd user)
    (47 F.CrtYd user)
    (48 B.Fab user hide)
    (49 F.Fab user hide)
  )

  (setup
    (last_trace_width 0.203)
    (trace_clearance 0.127)
    (zone_clearance 0.508)
    (zone_45_only no)
    (trace_min 0.127)
    (via_size 0.508)
    (via_drill 0.254)
    (via_min_size 0.508)
    (via_min_drill 0.254)
    (uvia_size 0.3)
    (uvia_drill 0.1)
    (uvias_allowed no)
    (uvia_min_size 0.2)
    (uvia_min_drill 0.1)
    (edge_width 0.05)
    (segment_width 0.2)
    (pcb_text_width 0.3)
    (pcb_text_size 1.5 1.5)
    (mod_edge_width 0.12)
    (mod_text_size 1 1)
    (mod_text_width 0.15)
    (pad_size 1.05 0.95)
    (pad_drill 0)
    (pad_to_mask_clearance 0.05)
    (aux_axis_origin 0 0)
    (visible_elements FFFFFF7F)
    (pcbplotparams
      (layerselection 0x010fc_ffffffff)
      (usegerberextensions false)
      (usegerberattributes true)
      (usegerberadvancedattributes true)
      (creategerberjobfile true)
      (excludeedgelayer true)
      (linewidth 0.100000)
      (plotframeref false)
      (viasonmask false)
      (mode 1)
      (useauxorigin false)
      (hpglpennumber 1)
      (hpglpenspeed 20)
      (hpglpendiameter 15.000000)
      (psnegative false)
      (psa4output false)
      (plotreference true)
      (plotvalue true)
      (plotinvisibletext false)
      (padsonsilk false)
      (subtractmaskfromsilk false)
      (outputformat 1)
      (mirror false)
      (drillshape 1)
      (scaleselection 1)
      (outputdirectory ""))
  )

  (net 0 "")
  (net 1 GND)
  (net 2 /IMU_VDC)
  (net 3 "Net-(U1-Pad7)")
  (net 4 /SCK)
  (net 5 /MOSI)
  (net 6 /MISO)
  (net 7 /NSS)
  (net 8 /INT)
  (net 9 /FSYNC)
  (net 10 /REGOUT)

  (net_class Default "This is the default net class."
    (clearance 0.127)
    (trace_width 0.203)
    (via_dia 0.508)
    (via_drill 0.254)
    (uvia_dia 0.3)
    (uvia_drill 0.1)
    (add_net /FSYNC)
    (add_net /IMU_VDC)
    (add_net /INT)
    (add_net /MISO)
    (add_net /MOSI)
    (add_net /NSS)
    (add_net /REGOUT)
    (add_net /SCK)
    (add_net GND)
    (add_net "Net-(U1-Pad7)")
  )

  (module Capacitor_SMD:C_0603_1608Metric_Pad1.05x0.95mm_HandSolder (layer B.Cu) (tedit 5B301BBE) (tstamp 5FB2609D)
    (at 108.9025 110.5535 90)
    (descr "Capacitor SMD 0603 (1608 Metric), square (rectangular) end terminal, IPC_7351 nominal with elongated pad for handsoldering. (Body size source: http://www.tortai-tech.com/upload/download/2011102023233369053.pdf), generated with kicad-footprint-generator")
    (tags "capacitor handsolder")
    (attr smd)
    (fp_text reference REF** (at 0 -3.175 90) (layer B.SilkS) hide
      (effects (font (size 1 1) (thickness 0.15)) (justify mirror))
    )
    (fp_text value C_0603_1608Metric_Pad1.05x0.95mm_HandSolder (at 0 -1.43 90) (layer B.Fab)
      (effects (font (size 1 1) (thickness 0.15)) (justify mirror))
    )
    (fp_text user %R (at 0.635 -1.905 90) (layer B.Fab)
      (effects (font (size 0.4 0.4) (thickness 0.06)) (justify mirror))
    )
    (fp_line (start -0.8 -0.4) (end -0.8 0.4) (layer B.Fab) (width 0.1))
    (fp_line (start -0.8 0.4) (end 0.8 0.4) (layer B.Fab) (width 0.1))
    (fp_line (start 0.8 0.4) (end 0.8 -0.4) (layer B.Fab) (width 0.1))
    (fp_line (start 0.8 -0.4) (end -0.8 -0.4) (layer B.Fab) (width 0.1))
    (fp_line (start -0.171267 0.51) (end 0.171267 0.51) (layer B.SilkS) (width 0.12))
    (fp_line (start -0.171267 -0.51) (end 0.171267 -0.51) (layer B.SilkS) (width 0.12))
    (fp_line (start -1.65 -0.73) (end -1.65 0.73) (layer B.CrtYd) (width 0.05))
    (fp_line (start -1.65 0.73) (end 1.65 0.73) (layer B.CrtYd) (width 0.05))
    (fp_line (start 1.65 0.73) (end 1.65 -0.73) (layer B.CrtYd) (width 0.05))
    (fp_line (start 1.65 -0.73) (end -1.65 -0.73) (layer B.CrtYd) (width 0.05))
    (pad 2 smd roundrect (at 0.875 0 90) (size 1.05 0.95) (layers B.Cu B.Paste B.Mask) (roundrect_rratio 0.25)
      (net 1 GND))
    (pad 1 smd roundrect (at -0.875 0 90) (size 1.05 0.95) (layers B.Cu B.Paste B.Mask) (roundrect_rratio 0.25)
      (net 2 /IMU_VDC))
    (model ${KISYS3DMOD}/Capacitor_SMD.3dshapes/C_0603_1608Metric.wrl
      (at (xyz 0 0 0))
      (scale (xyz 1 1 1))
      (rotate (xyz 0 0 0))
    )
  )

  (module Capacitor_SMD:C_0603_1608Metric_Pad1.05x0.95mm_HandSolder (layer B.Cu) (tedit 5B301BBE) (tstamp 5FB2607D)
    (at 107.3785 110.5535 90)
    (descr "Capacitor SMD 0603 (1608 Metric), square (rectangular) end terminal, IPC_7351 nominal with elongated pad for handsoldering. (Body size source: http://www.tortai-tech.com/upload/download/2011102023233369053.pdf), generated with kicad-footprint-generator")
    (tags "capacitor handsolder")
    (attr smd)
    (fp_text reference REF** (at 0 -3.175 90) (layer B.SilkS) hide
      (effects (font (size 1 1) (thickness 0.15)) (justify mirror))
    )
    (fp_text value C_0603_1608Metric_Pad1.05x0.95mm_HandSolder (at 0 -1.43 90) (layer B.Fab)
      (effects (font (size 1 1) (thickness 0.15)) (justify mirror))
    )
    (fp_line (start 1.65 -0.73) (end -1.65 -0.73) (layer B.CrtYd) (width 0.05))
    (fp_line (start 1.65 0.73) (end 1.65 -0.73) (layer B.CrtYd) (width 0.05))
    (fp_line (start -1.65 0.73) (end 1.65 0.73) (layer B.CrtYd) (width 0.05))
    (fp_line (start -1.65 -0.73) (end -1.65 0.73) (layer B.CrtYd) (width 0.05))
    (fp_line (start -0.171267 -0.51) (end 0.171267 -0.51) (layer B.SilkS) (width 0.12))
    (fp_line (start -0.171267 0.51) (end 0.171267 0.51) (layer B.SilkS) (width 0.12))
    (fp_line (start 0.8 -0.4) (end -0.8 -0.4) (layer B.Fab) (width 0.1))
    (fp_line (start 0.8 0.4) (end 0.8 -0.4) (layer B.Fab) (width 0.1))
    (fp_line (start -0.8 0.4) (end 0.8 0.4) (layer B.Fab) (width 0.1))
    (fp_line (start -0.8 -0.4) (end -0.8 0.4) (layer B.Fab) (width 0.1))
    (fp_text user %R (at 0.635 -1.905 90) (layer B.Fab)
      (effects (font (size 0.4 0.4) (thickness 0.06)) (justify mirror))
    )
    (pad 1 smd roundrect (at -0.875 0 90) (size 1.05 0.95) (layers B.Cu B.Paste B.Mask) (roundrect_rratio 0.25)
      (net 2 /IMU_VDC))
    (pad 2 smd roundrect (at 0.875 0 90) (size 1.05 0.95) (layers B.Cu B.Paste B.Mask) (roundrect_rratio 0.25)
      (net 1 GND))
    (model ${KISYS3DMOD}/Capacitor_SMD.3dshapes/C_0603_1608Metric.wrl
      (at (xyz 0 0 0))
      (scale (xyz 1 1 1))
      (rotate (xyz 0 0 0))
    )
  )

  (module Capacitor_SMD:C_0603_1608Metric_Pad1.05x0.95mm_HandSolder (layer B.Cu) (tedit 5B301BBE) (tstamp 5FB2657E)
    (at 110.4265 110.5535 90)
    (descr "Capacitor SMD 0603 (1608 Metric), square (rectangular) end terminal, IPC_7351 nominal with elongated pad for handsoldering. (Body size source: http://www.tortai-tech.com/upload/download/2011102023233369053.pdf), generated with kicad-footprint-generator")
    (tags "capacitor handsolder")
    (attr smd)
    (fp_text reference REF** (at 0 1.43 90) (layer B.SilkS) hide
      (effects (font (size 1 1) (thickness 0.15)) (justify mirror))
    )
    (fp_text value C_0603_1608Metric_Pad1.05x0.95mm_HandSolder (at 0 -1.43 90) (layer B.Fab)
      (effects (font (size 1 1) (thickness 0.15)) (justify mirror))
    )
    (fp_line (start -0.8 -0.4) (end -0.8 0.4) (layer B.Fab) (width 0.1))
    (fp_line (start -0.8 0.4) (end 0.8 0.4) (layer B.Fab) (width 0.1))
    (fp_line (start 0.8 0.4) (end 0.8 -0.4) (layer B.Fab) (width 0.1))
    (fp_line (start 0.8 -0.4) (end -0.8 -0.4) (layer B.Fab) (width 0.1))
    (fp_line (start -0.171267 0.51) (end 0.171267 0.51) (layer B.SilkS) (width 0.12))
    (fp_line (start -0.171267 -0.51) (end 0.171267 -0.51) (layer B.SilkS) (width 0.12))
    (fp_line (start -1.65 -0.73) (end -1.65 0.73) (layer B.CrtYd) (width 0.05))
    (fp_line (start -1.65 0.73) (end 1.65 0.73) (layer B.CrtYd) (width 0.05))
    (fp_line (start 1.65 0.73) (end 1.65 -0.73) (layer B.CrtYd) (width 0.05))
    (fp_line (start 1.65 -0.73) (end -1.65 -0.73) (layer B.CrtYd) (width 0.05))
    (pad 2 smd roundrect (at 0.875 0 90) (size 1.05 0.95) (layers B.Cu B.Paste B.Mask) (roundrect_rratio 0.25)
      (net 1 GND))
    (pad 1 smd roundrect (at -0.875 0 90) (size 1.05 0.95) (layers B.Cu B.Paste B.Mask) (roundrect_rratio 0.25)
      (net 2 /IMU_VDC))
    (model ${KISYS3DMOD}/Capacitor_SMD.3dshapes/C_0603_1608Metric.wrl
      (at (xyz 0 0 0))
      (scale (xyz 1 1 1))
      (rotate (xyz 0 0 0))
    )
  )

  (module Capacitor_SMD:C_0603_1608Metric_Pad1.05x0.95mm_HandSolder (layer B.Cu) (tedit 5FB255FD) (tstamp 5FB25D78)
    (at 113.665 110.5408 180)
    (descr "Capacitor SMD 0603 (1608 Metric), square (rectangular) end terminal, IPC_7351 nominal with elongated pad for handsoldering. (Body size source: http://www.tortai-tech.com/upload/download/2011102023233369053.pdf), generated with kicad-footprint-generator")
    (tags "capacitor handsolder")
    (attr smd)
    (fp_text reference REF** (at -3.683 -2.667) (layer B.SilkS) hide
      (effects (font (size 1 1) (thickness 0.15)) (justify mirror))
    )
    (fp_text value C_0603_1608Metric_Pad1.05x0.95mm_HandSolder (at 0 -1.43) (layer B.Fab)
      (effects (font (size 1 1) (thickness 0.15)) (justify mirror))
    )
    (fp_text user %R (at 0.635 -1.905) (layer B.Fab)
      (effects (font (size 0.4 0.4) (thickness 0.06)) (justify mirror))
    )
    (fp_line (start -0.8 -0.4) (end -0.8 0.4) (layer B.Fab) (width 0.1))
    (fp_line (start -0.8 0.4) (end 0.8 0.4) (layer B.Fab) (width 0.1))
    (fp_line (start 0.8 0.4) (end 0.8 -0.4) (layer B.Fab) (width 0.1))
    (fp_line (start 0.8 -0.4) (end -0.8 -0.4) (layer B.Fab) (width 0.1))
    (fp_line (start -0.171267 0.51) (end 0.171267 0.51) (layer B.SilkS) (width 0.12))
    (fp_line (start -0.171267 -0.51) (end 0.171267 -0.51) (layer B.SilkS) (width 0.12))
    (fp_line (start -1.65 -0.73) (end -1.65 0.73) (layer B.CrtYd) (width 0.05))
    (fp_line (start -1.65 0.73) (end 1.65 0.73) (layer B.CrtYd) (width 0.05))
    (fp_line (start 1.65 0.73) (end 1.65 -0.73) (layer B.CrtYd) (width 0.05))
    (fp_line (start 1.65 -0.73) (end -1.65 -0.73) (layer B.CrtYd) (width 0.05))
    (pad 2 smd roundrect (at 0.875 0 180) (size 1.05 0.95) (layers B.Cu B.Paste B.Mask) (roundrect_rratio 0.25)
      (net 1 GND))
    (pad 1 smd roundrect (at -0.875 0 180) (size 1.05 0.95) (layers B.Cu B.Paste B.Mask) (roundrect_rratio 0.25)
      (net 10 /REGOUT))
    (model ${KISYS3DMOD}/Capacitor_SMD.3dshapes/C_0603_1608Metric.wrl
      (at (xyz 0 0 0))
      (scale (xyz 1 1 1))
      (rotate (xyz 0 0 0))
    )
  )

  (module Package_LGA:LGA-16_3x3mm_P0.5mm (layer B.Cu) (tedit 5AD5B76F) (tstamp 5FB25363)
    (at 113.03 113.0808 270)
    (descr http://www.memsic.com/userfiles/files/DataSheets/Magnetic-Sensors-Datasheets/MMC5883MA-RevC.pdf)
    (tags "lga land grid array")
    (attr smd)
    (fp_text reference REF** (at 1.27 6.35 90) (layer B.SilkS) hide
      (effects (font (size 1 1) (thickness 0.15)) (justify mirror))
    )
    (fp_text value LGA-16_3x3mm_P0.5mm (at 1.27 -12.7 90) (layer B.Fab)
      (effects (font (size 1 1) (thickness 0.15)) (justify mirror))
    )
    (fp_line (start -1 1.5) (end 1.5 1.5) (layer B.Fab) (width 0.1))
    (fp_line (start 1.5 1.5) (end 1.5 -1.5) (layer B.Fab) (width 0.1))
    (fp_line (start 1.5 -1.5) (end -1.5 -1.5) (layer B.Fab) (width 0.1))
    (fp_line (start -1.5 -1.5) (end -1.5 1) (layer B.Fab) (width 0.1))
    (fp_line (start -1.5 1) (end -1 1.5) (layer B.Fab) (width 0.1))
    (fp_line (start 1.1 1.6) (end 1.6 1.6) (layer B.SilkS) (width 0.1))
    (fp_line (start 1.6 1.6) (end 1.6 1.1) (layer B.SilkS) (width 0.1))
    (fp_line (start 1.6 -1.6) (end 1.6 -1.1) (layer B.SilkS) (width 0.1))
    (fp_line (start 1.6 -1.1) (end 1.6 -1.6) (layer B.SilkS) (width 0.1))
    (fp_line (start 1.6 -1.6) (end 1.1 -1.6) (layer B.SilkS) (width 0.1))
    (fp_line (start -1.6 -1.6) (end -1.1 -1.6) (layer B.SilkS) (width 0.1))
    (fp_line (start -1.6 -1.6) (end -1.6 -1.1) (layer B.SilkS) (width 0.1))
    (fp_line (start -1.6 1.6) (end -1.6 1.1) (layer B.SilkS) (width 0.1))
    (fp_line (start -1.75 1.75) (end 1.75 1.75) (layer B.CrtYd) (width 0.05))
    (fp_line (start 1.75 1.75) (end 1.75 -1.75) (layer B.CrtYd) (width 0.05))
    (fp_line (start 1.75 -1.75) (end -1.75 -1.75) (layer B.CrtYd) (width 0.05))
    (fp_line (start -1.75 -1.75) (end -1.75 1.75) (layer B.CrtYd) (width 0.05))
    (pad 10 smd rect (at 1.275 -0.25 180) (size 0.3 0.45) (layers B.Cu B.Paste B.Mask))
    (pad 11 smd rect (at 1.275 0.25 180) (size 0.3 0.45) (layers B.Cu B.Paste B.Mask)
      (net 8 /INT))
    (pad 12 smd rect (at 1.275 0.75 180) (size 0.3 0.45) (layers B.Cu B.Paste B.Mask)
      (net 7 /NSS))
    (pad 9 smd rect (at 1.275 -0.75 180) (size 0.3 0.45) (layers B.Cu B.Paste B.Mask)
      (net 9 /FSYNC))
    (pad 5 smd rect (at -0.75 -1.275 270) (size 0.3 0.45) (layers B.Cu B.Paste B.Mask))
    (pad 7 smd rect (at 0.25 -1.275 270) (size 0.3 0.45) (layers B.Cu B.Paste B.Mask))
    (pad 6 smd rect (at -0.25 -1.275 270) (size 0.3 0.45) (layers B.Cu B.Paste B.Mask))
    (pad 8 smd rect (at 0.75 -1.275 270) (size 0.3 0.45) (layers B.Cu B.Paste B.Mask))
    (pad 4 smd rect (at -1.275 -0.75 180) (size 0.3 0.45) (layers B.Cu B.Paste B.Mask))
    (pad 3 smd rect (at -1.275 -0.25 180) (size 0.3 0.45) (layers B.Cu B.Paste B.Mask))
    (pad 2 smd rect (at -1.275 0.25 180) (size 0.3 0.45) (layers B.Cu B.Paste B.Mask))
    (pad 1 smd rect (at -1.275 0.75 180) (size 0.3 0.45) (layers B.Cu B.Paste B.Mask))
    (pad 14 smd rect (at 0.25 1.275 270) (size 0.3 0.45) (layers B.Cu B.Paste B.Mask)
      (net 5 /MOSI))
    (pad 15 smd rect (at -0.25 1.275 270) (size 0.3 0.45) (layers B.Cu B.Paste B.Mask)
      (net 4 /SCK))
    (pad 16 smd rect (at -0.75 1.275 270) (size 0.3 0.45) (layers B.Cu B.Paste B.Mask))
    (pad 13 smd rect (at 0.75 1.275 270) (size 0.3 0.45) (layers B.Cu B.Paste B.Mask)
      (net 6 /MISO))
    (model ${KISYS3DMOD}/Package_LGA.3dshapes/LGA-16_3x3mm_P0.5mm.wrl
      (at (xyz 0 0 0))
      (scale (xyz 1 1 1))
      (rotate (xyz 0 0 0))
    )
  )

  (module Capacitor_SMD:C_0603_1608Metric (layer F.Cu) (tedit 5B301BBE) (tstamp 5FB26195)
    (at 107.442 110.5155 90)
    (descr "Capacitor SMD 0603 (1608 Metric), square (rectangular) end terminal, IPC_7351 nominal, (Body size source: http://www.tortai-tech.com/upload/download/2011102023233369053.pdf), generated with kicad-footprint-generator")
    (tags capacitor)
    (path /5FB54D12)
    (attr smd)
    (fp_text reference C1 (at 1.6765 0.381 180) (layer F.SilkS)
      (effects (font (size 0.8 0.8) (thickness 0.15)))
    )
    (fp_text value 10nF (at 0 1.43 90) (layer F.Fab)
      (effects (font (size 1 1) (thickness 0.15)))
    )
    (fp_text user %R (at 0 0 90) (layer F.Fab)
      (effects (font (size 0.4 0.4) (thickness 0.06)))
    )
    (fp_line (start -0.8 0.4) (end -0.8 -0.4) (layer F.Fab) (width 0.1))
    (fp_line (start -0.8 -0.4) (end 0.8 -0.4) (layer F.Fab) (width 0.1))
    (fp_line (start 0.8 -0.4) (end 0.8 0.4) (layer F.Fab) (width 0.1))
    (fp_line (start 0.8 0.4) (end -0.8 0.4) (layer F.Fab) (width 0.1))
    (fp_line (start -0.162779 -0.51) (end 0.162779 -0.51) (layer F.SilkS) (width 0.12))
    (fp_line (start -0.162779 0.51) (end 0.162779 0.51) (layer F.SilkS) (width 0.12))
    (fp_line (start -1.48 0.73) (end -1.48 -0.73) (layer F.CrtYd) (width 0.05))
    (fp_line (start -1.48 -0.73) (end 1.48 -0.73) (layer F.CrtYd) (width 0.05))
    (fp_line (start 1.48 -0.73) (end 1.48 0.73) (layer F.CrtYd) (width 0.05))
    (fp_line (start 1.48 0.73) (end -1.48 0.73) (layer F.CrtYd) (width 0.05))
    (pad 2 smd roundrect (at 0.7875 0 90) (size 0.875 0.95) (layers F.Cu F.Paste F.Mask) (roundrect_rratio 0.25)
      (net 1 GND))
    (pad 1 smd roundrect (at -0.7875 0 90) (size 0.875 0.95) (layers F.Cu F.Paste F.Mask) (roundrect_rratio 0.25)
      (net 2 /IMU_VDC))
    (model ${KISYS3DMOD}/Capacitor_SMD.3dshapes/C_0603_1608Metric.wrl
      (at (xyz 0 0 0))
      (scale (xyz 1 1 1))
      (rotate (xyz 0 0 0))
    )
  )

  (module Capacitor_SMD:C_0603_1608Metric (layer F.Cu) (tedit 5B301BBE) (tstamp 5FB26291)
    (at 108.839 110.49 90)
    (descr "Capacitor SMD 0603 (1608 Metric), square (rectangular) end terminal, IPC_7351 nominal, (Body size source: http://www.tortai-tech.com/upload/download/2011102023233369053.pdf), generated with kicad-footprint-generator")
    (tags capacitor)
    (path /5FB545A7)
    (attr smd)
    (fp_text reference C2 (at 1.651 0.381 180) (layer F.SilkS)
      (effects (font (size 0.8 0.8) (thickness 0.15)))
    )
    (fp_text value 100nF (at 0 1.43 90) (layer F.Fab)
      (effects (font (size 1 1) (thickness 0.15)))
    )
    (fp_line (start 1.48 0.73) (end -1.48 0.73) (layer F.CrtYd) (width 0.05))
    (fp_line (start 1.48 -0.73) (end 1.48 0.73) (layer F.CrtYd) (width 0.05))
    (fp_line (start -1.48 -0.73) (end 1.48 -0.73) (layer F.CrtYd) (width 0.05))
    (fp_line (start -1.48 0.73) (end -1.48 -0.73) (layer F.CrtYd) (width 0.05))
    (fp_line (start -0.162779 0.51) (end 0.162779 0.51) (layer F.SilkS) (width 0.12))
    (fp_line (start -0.162779 -0.51) (end 0.162779 -0.51) (layer F.SilkS) (width 0.12))
    (fp_line (start 0.8 0.4) (end -0.8 0.4) (layer F.Fab) (width 0.1))
    (fp_line (start 0.8 -0.4) (end 0.8 0.4) (layer F.Fab) (width 0.1))
    (fp_line (start -0.8 -0.4) (end 0.8 -0.4) (layer F.Fab) (width 0.1))
    (fp_line (start -0.8 0.4) (end -0.8 -0.4) (layer F.Fab) (width 0.1))
    (fp_text user %R (at 0 0 90) (layer F.Fab)
      (effects (font (size 0.4 0.4) (thickness 0.06)))
    )
    (pad 1 smd roundrect (at -0.7875 0 90) (size 0.875 0.95) (layers F.Cu F.Paste F.Mask) (roundrect_rratio 0.25)
      (net 2 /IMU_VDC))
    (pad 2 smd roundrect (at 0.7875 0 90) (size 0.875 0.95) (layers F.Cu F.Paste F.Mask) (roundrect_rratio 0.25)
      (net 1 GND))
    (model ${KISYS3DMOD}/Capacitor_SMD.3dshapes/C_0603_1608Metric.wrl
      (at (xyz 0 0 0))
      (scale (xyz 1 1 1))
      (rotate (xyz 0 0 0))
    )
  )

  (module Capacitor_SMD:C_0603_1608Metric (layer F.Cu) (tedit 5B301BBE) (tstamp 5FB261C5)
    (at 110.363 110.49 90)
    (descr "Capacitor SMD 0603 (1608 Metric), square (rectangular) end terminal, IPC_7351 nominal, (Body size source: http://www.tortai-tech.com/upload/download/2011102023233369053.pdf), generated with kicad-footprint-generator")
    (tags capacitor)
    (path /5FB53A09)
    (attr smd)
    (fp_text reference C3 (at 1.651 1.016 180) (layer F.SilkS)
      (effects (font (size 0.8 0.8) (thickness 0.15)))
    )
    (fp_text value 2.2uF (at 0 1.43 90) (layer F.Fab)
      (effects (font (size 1 1) (thickness 0.15)))
    )
    (fp_text user %R (at 0 0 90) (layer F.Fab)
      (effects (font (size 0.4 0.4) (thickness 0.06)))
    )
    (fp_line (start -0.8 0.4) (end -0.8 -0.4) (layer F.Fab) (width 0.1))
    (fp_line (start -0.8 -0.4) (end 0.8 -0.4) (layer F.Fab) (width 0.1))
    (fp_line (start 0.8 -0.4) (end 0.8 0.4) (layer F.Fab) (width 0.1))
    (fp_line (start 0.8 0.4) (end -0.8 0.4) (layer F.Fab) (width 0.1))
    (fp_line (start -0.162779 -0.51) (end 0.162779 -0.51) (layer F.SilkS) (width 0.12))
    (fp_line (start -0.162779 0.51) (end 0.162779 0.51) (layer F.SilkS) (width 0.12))
    (fp_line (start -1.48 0.73) (end -1.48 -0.73) (layer F.CrtYd) (width 0.05))
    (fp_line (start -1.48 -0.73) (end 1.48 -0.73) (layer F.CrtYd) (width 0.05))
    (fp_line (start 1.48 -0.73) (end 1.48 0.73) (layer F.CrtYd) (width 0.05))
    (fp_line (start 1.48 0.73) (end -1.48 0.73) (layer F.CrtYd) (width 0.05))
    (pad 2 smd roundrect (at 0.7875 0 90) (size 0.875 0.95) (layers F.Cu F.Paste F.Mask) (roundrect_rratio 0.25)
      (net 1 GND))
    (pad 1 smd roundrect (at -0.7875 0 90) (size 0.875 0.95) (layers F.Cu F.Paste F.Mask) (roundrect_rratio 0.25)
      (net 2 /IMU_VDC))
    (model ${KISYS3DMOD}/Capacitor_SMD.3dshapes/C_0603_1608Metric.wrl
      (at (xyz 0 0 0))
      (scale (xyz 1 1 1))
      (rotate (xyz 0 0 0))
    )
  )

  (module Capacitor_SMD:C_0603_1608Metric (layer F.Cu) (tedit 5B301BBE) (tstamp 5FB26261)
    (at 113.665 110.363 180)
    (descr "Capacitor SMD 0603 (1608 Metric), square (rectangular) end terminal, IPC_7351 nominal, (Body size source: http://www.tortai-tech.com/upload/download/2011102023233369053.pdf), generated with kicad-footprint-generator")
    (tags capacitor)
    (path /5FB535CB)
    (attr smd)
    (fp_text reference C4 (at -1.016 1.143) (layer F.SilkS)
      (effects (font (size 0.8 0.8) (thickness 0.15)))
    )
    (fp_text value 100nF (at 0 1.43) (layer F.Fab)
      (effects (font (size 1 1) (thickness 0.15)))
    )
    (fp_line (start 1.48 0.73) (end -1.48 0.73) (layer F.CrtYd) (width 0.05))
    (fp_line (start 1.48 -0.73) (end 1.48 0.73) (layer F.CrtYd) (width 0.05))
    (fp_line (start -1.48 -0.73) (end 1.48 -0.73) (layer F.CrtYd) (width 0.05))
    (fp_line (start -1.48 0.73) (end -1.48 -0.73) (layer F.CrtYd) (width 0.05))
    (fp_line (start -0.162779 0.51) (end 0.162779 0.51) (layer F.SilkS) (width 0.12))
    (fp_line (start -0.162779 -0.51) (end 0.162779 -0.51) (layer F.SilkS) (width 0.12))
    (fp_line (start 0.8 0.4) (end -0.8 0.4) (layer F.Fab) (width 0.1))
    (fp_line (start 0.8 -0.4) (end 0.8 0.4) (layer F.Fab) (width 0.1))
    (fp_line (start -0.8 -0.4) (end 0.8 -0.4) (layer F.Fab) (width 0.1))
    (fp_line (start -0.8 0.4) (end -0.8 -0.4) (layer F.Fab) (width 0.1))
    (fp_text user %R (at 4.9275 -2.54) (layer F.Fab)
      (effects (font (size 0.4 0.4) (thickness 0.06)))
    )
    (pad 1 smd roundrect (at -0.7875 0 180) (size 0.875 0.95) (layers F.Cu F.Paste F.Mask) (roundrect_rratio 0.25)
      (net 10 /REGOUT))
    (pad 2 smd roundrect (at 0.7875 0 180) (size 0.875 0.95) (layers F.Cu F.Paste F.Mask) (roundrect_rratio 0.25)
      (net 1 GND))
    (model ${KISYS3DMOD}/Capacitor_SMD.3dshapes/C_0603_1608Metric.wrl
      (at (xyz 0 0 0))
      (scale (xyz 1 1 1))
      (rotate (xyz 0 0 0))
    )
  )

  (module Package_LGA:LGA-16_3x3mm_P0.5mm_LayoutBorder3x5y (layer F.Cu) (tedit 5D9F7937) (tstamp 5FB26209)
    (at 113.157 113.03)
    (descr "LGA, 16 Pin (http://www.st.com/resource/en/datasheet/lis331hh.pdf), generated with kicad-footprint-generator ipc_noLead_generator.py")
    (tags "LGA NoLead")
    (path /5FB52383)
    (attr smd)
    (fp_text reference U1 (at -2.54 0.254) (layer F.SilkS)
      (effects (font (size 0.8 0.8) (thickness 0.15)))
    )
    (fp_text value ICM-20602 (at 0 2.45) (layer F.Fab)
      (effects (font (size 1 1) (thickness 0.15)))
    )
    (fp_line (start 1.75 -1.75) (end -1.75 -1.75) (layer F.CrtYd) (width 0.05))
    (fp_line (start 1.75 1.75) (end 1.75 -1.75) (layer F.CrtYd) (width 0.05))
    (fp_line (start -1.75 1.75) (end 1.75 1.75) (layer F.CrtYd) (width 0.05))
    (fp_line (start -1.75 -1.75) (end -1.75 1.75) (layer F.CrtYd) (width 0.05))
    (fp_line (start -1.5 -0.75) (end -0.75 -1.5) (layer F.Fab) (width 0.1))
    (fp_line (start -1.5 1.5) (end -1.5 -0.75) (layer F.Fab) (width 0.1))
    (fp_line (start 1.5 1.5) (end -1.5 1.5) (layer F.Fab) (width 0.1))
    (fp_line (start 1.5 -1.5) (end 1.5 1.5) (layer F.Fab) (width 0.1))
    (fp_line (start -0.75 -1.5) (end 1.5 -1.5) (layer F.Fab) (width 0.1))
    (fp_line (start -0.935 -1.61) (end -1.61 -1.61) (layer F.SilkS) (width 0.12))
    (fp_line (start 1.61 1.61) (end 1.61 1.435) (layer F.SilkS) (width 0.12))
    (fp_line (start 0.935 1.61) (end 1.61 1.61) (layer F.SilkS) (width 0.12))
    (fp_line (start -1.61 1.61) (end -1.61 1.435) (layer F.SilkS) (width 0.12))
    (fp_line (start -0.935 1.61) (end -1.61 1.61) (layer F.SilkS) (width 0.12))
    (fp_line (start 1.61 -1.61) (end 1.61 -1.435) (layer F.SilkS) (width 0.12))
    (fp_line (start 0.935 -1.61) (end 1.61 -1.61) (layer F.SilkS) (width 0.12))
    (fp_text user %R (at -3.045001 -1.140001) (layer F.Fab)
      (effects (font (size 0.75 0.75) (thickness 0.11)))
    )
    (pad 1 smd roundrect (at -1.225 -1) (size 0.55 0.35) (layers F.Cu F.Paste F.Mask) (roundrect_rratio 0.25)
      (net 2 /IMU_VDC))
    (pad 2 smd roundrect (at -1.225 -0.5) (size 0.55 0.35) (layers F.Cu F.Paste F.Mask) (roundrect_rratio 0.25)
      (net 4 /SCK))
    (pad 3 smd roundrect (at -1.225 0) (size 0.55 0.35) (layers F.Cu F.Paste F.Mask) (roundrect_rratio 0.25)
      (net 5 /MOSI))
    (pad 4 smd roundrect (at -1.225 0.5) (size 0.55 0.35) (layers F.Cu F.Paste F.Mask) (roundrect_rratio 0.25)
      (net 6 /MISO))
    (pad 5 smd roundrect (at -1.225 1) (size 0.55 0.35) (layers F.Cu F.Paste F.Mask) (roundrect_rratio 0.25)
      (net 7 /NSS))
    (pad 6 smd roundrect (at -0.5 1.225) (size 0.35 0.55) (layers F.Cu F.Paste F.Mask) (roundrect_rratio 0.25)
      (net 8 /INT))
    (pad 7 smd roundrect (at 0 1.225) (size 0.35 0.55) (layers F.Cu F.Paste F.Mask) (roundrect_rratio 0.25)
      (net 3 "Net-(U1-Pad7)"))
    (pad 8 smd roundrect (at 0.5 1.225) (size 0.35 0.55) (layers F.Cu F.Paste F.Mask) (roundrect_rratio 0.25)
      (net 9 /FSYNC))
    (pad 9 smd roundrect (at 1.225 1) (size 0.55 0.35) (layers F.Cu F.Paste F.Mask) (roundrect_rratio 0.25)
      (net 1 GND))
    (pad 10 smd roundrect (at 1.225 0.5) (size 0.55 0.35) (layers F.Cu F.Paste F.Mask) (roundrect_rratio 0.25)
      (net 1 GND))
    (pad 11 smd roundrect (at 1.225 0) (size 0.55 0.35) (layers F.Cu F.Paste F.Mask) (roundrect_rratio 0.25)
      (net 1 GND))
    (pad 12 smd roundrect (at 1.225 -0.5) (size 0.55 0.35) (layers F.Cu F.Paste F.Mask) (roundrect_rratio 0.25)
      (net 1 GND))
    (pad 13 smd roundrect (at 1.225 -1) (size 0.55 0.35) (layers F.Cu F.Paste F.Mask) (roundrect_rratio 0.25)
      (net 1 GND))
    (pad 14 smd roundrect (at 0.5 -1.225) (size 0.35 0.55) (layers F.Cu F.Paste F.Mask) (roundrect_rratio 0.25)
      (net 10 /REGOUT))
    (pad 15 smd roundrect (at 0 -1.225) (size 0.35 0.55) (layers F.Cu F.Paste F.Mask) (roundrect_rratio 0.25)
      (net 1 GND))
    (pad 16 smd roundrect (at -0.5 -1.225) (size 0.35 0.55) (layers F.Cu F.Paste F.Mask) (roundrect_rratio 0.25)
      (net 2 /IMU_VDC))
    (model ${KISYS3DMOD}/Package_LGA.3dshapes/LGA-16_3x3mm_P0.5mm_LayoutBorder3x5y.wrl
      (at (xyz 0 0 0))
      (scale (xyz 1 1 1))
      (rotate (xyz 0 0 0))
    )
  )

  (gr_text "IMU FIX" (at 113.919 108.966) (layer B.SilkS)
    (effects (font (size 0.5 0.5) (thickness 0.125)) (justify mirror))
  )
  (gr_line (start 115.316 114.808) (end 115.316 108.585) (layer Dwgs.User) (width 0.15))
  (gr_line (start 109.728 114.808) (end 115.57 114.808) (layer Dwgs.User) (width 0.15))
  (gr_line (start 109.982 115.062) (end 109.982 112.268) (layer Dwgs.User) (width 0.15))
  (gr_line (start 115.57 108.585) (end 106.553 108.585) (layer Dwgs.User) (width 0.15))
  (gr_line (start 106.553 112.268) (end 106.553 108.839) (layer Edge.Cuts) (width 0.05))
  (gr_line (start 109.728 112.268) (end 106.553 112.268) (layer Edge.Cuts) (width 0.05))
  (gr_line (start 115.57 108.331) (end 106.553 108.331) (layer Edge.Cuts) (width 0.05) (tstamp 5FB26A9D))
  (gr_line (start 115.57 115.062) (end 115.57 108.331) (layer Edge.Cuts) (width 0.05))
  (gr_line (start 109.728 115.062) (end 115.57 115.062) (layer Edge.Cuts) (width 0.05))
  (gr_line (start 109.728 112.268) (end 109.728 115.062) (layer Edge.Cuts) (width 0.05))
  (gr_line (start 106.553 108.9025) (end 106.553 108.331) (layer Edge.Cuts) (width 0.05))

  (segment (start 107.3785 109.6785) (end 108.9025 109.6785) (width 0.203) (layer B.Cu) (net 1))
  (segment (start 108.9025 109.6785) (end 110.4265 109.6785) (width 0.203) (layer B.Cu) (net 1))
  (segment (start 107.3785 111.4285) (end 108.9025 111.4285) (width 0.203) (layer B.Cu) (net 2))
  (segment (start 108.9025 111.4285) (end 110.4265 111.4285) (width 0.203) (layer B.Cu) (net 2))
  (segment (start 111.9277 109.6785) (end 112.79 110.5408) (width 0.203) (layer B.Cu) (net 1))
  (segment (start 113.157 112.08) (end 113.607 112.53) (width 0.203) (layer F.Cu) (net 1))
  (segment (start 113.607 112.53) (end 114.382 112.53) (width 0.203) (layer F.Cu) (net 1))
  (segment (start 113.157 111.805) (end 113.157 112.08) (width 0.203) (layer F.Cu) (net 1))
  (segment (start 114.107 113.03) (end 114.382 113.03) (width 0.203) (layer F.Cu) (net 1))
  (segment (start 114.382 113.53) (end 113.927 113.53) (width 0.203) (layer F.Cu) (net 1))
  (segment (start 113.6955 113.2985) (end 113.6955 112.6185) (width 0.203) (layer F.Cu) (net 1))
  (segment (start 113.927 113.53) (end 113.6955 113.2985) (width 0.203) (layer F.Cu) (net 1))
  (segment (start 113.607 112.53) (end 113.6955 112.6185) (width 0.203) (layer F.Cu) (net 1))
  (segment (start 113.6955 112.6185) (end 114.107 113.03) (width 0.203) (layer F.Cu) (net 1))
  (segment (start 114.207 113.855) (end 113.983 113.855) (width 0.203) (layer F.Cu) (net 1))
  (segment (start 114.382 114.03) (end 114.207 113.855) (width 0.203) (layer F.Cu) (net 1))
  (segment (start 113.6955 113.5675) (end 113.6955 113.2985) (width 0.203) (layer F.Cu) (net 1))
  (segment (start 113.983 113.855) (end 113.6955 113.5675) (width 0.203) (layer F.Cu) (net 1))
  (segment (start 113.882 112.53) (end 113.607 112.53) (width 0.203) (layer F.Cu) (net 1))
  (segment (start 114.382 112.03) (end 113.882 112.53) (width 0.203) (layer F.Cu) (net 1))
  (segment (start 113.157 110.6425) (end 112.8775 110.363) (width 0.203) (layer F.Cu) (net 1))
  (segment (start 113.157 111.805) (end 113.157 110.6425) (width 0.203) (layer F.Cu) (net 1))
  (segment (start 112.8775 110.363) (end 112.522 110.363) (width 0.203) (layer F.Cu) (net 1))
  (via (at 111.6825 109.6785) (size 0.508) (drill 0.254) (layers F.Cu B.Cu) (net 1))
  (segment (start 112.522 110.363) (end 111.8375 109.6785) (width 0.203) (layer F.Cu) (net 1))
  (segment (start 111.8375 109.6785) (end 111.6825 109.6785) (width 0.203) (layer F.Cu) (net 1))
  (segment (start 110.4265 109.6785) (end 111.6825 109.6785) (width 0.203) (layer B.Cu) (net 1))
  (segment (start 111.6825 109.6785) (end 111.9277 109.6785) (width 0.203) (layer B.Cu) (net 1))
  (segment (start 110.387 109.6785) (end 110.363 109.7025) (width 0.203) (layer F.Cu) (net 1))
  (segment (start 111.6825 109.6785) (end 110.387 109.6785) (width 0.203) (layer F.Cu) (net 1))
  (segment (start 110.363 109.7025) (end 108.839 109.7025) (width 0.203) (layer F.Cu) (net 1))
  (segment (start 107.4675 109.7025) (end 107.442 109.728) (width 0.203) (layer F.Cu) (net 1))
  (segment (start 108.839 109.7025) (end 107.4675 109.7025) (width 0.203) (layer F.Cu) (net 1))
  (via (at 110.489315 112.389603) (size 0.508) (drill 0.254) (layers F.Cu B.Cu) (net 2))
  (segment (start 110.4265 112.326788) (end 110.489315 112.389603) (width 0.203) (layer B.Cu) (net 2))
  (segment (start 110.4265 111.4285) (end 110.4265 112.326788) (width 0.203) (layer B.Cu) (net 2))
  (segment (start 108.8135 111.303) (end 108.839 111.2775) (width 0.203) (layer F.Cu) (net 2))
  (segment (start 107.442 111.303) (end 108.8135 111.303) (width 0.203) (layer F.Cu) (net 2))
  (segment (start 108.839 111.2775) (end 110.363 111.2775) (width 0.203) (layer F.Cu) (net 2))
  (segment (start 111.1795 111.2775) (end 111.932 112.03) (width 0.203) (layer F.Cu) (net 2))
  (segment (start 110.363 111.2775) (end 111.1795 111.2775) (width 0.203) (layer F.Cu) (net 2))
  (segment (start 112.157 111.805) (end 111.932 112.03) (width 0.203) (layer F.Cu) (net 2))
  (segment (start 112.657 111.805) (end 112.157 111.805) (width 0.203) (layer F.Cu) (net 2))
  (segment (start 111.932 112.53) (end 111.031292 112.53) (width 0.203) (layer F.Cu) (net 4))
  (segment (start 110.471931 112.873695) (end 110.338092 113.007534) (width 0.203) (layer B.Cu) (net 4))
  (segment (start 110.553758 113.007534) (end 110.338092 113.007534) (width 0.203) (layer F.Cu) (net 4))
  (segment (start 111.712105 112.873695) (end 110.471931 112.873695) (width 0.203) (layer B.Cu) (net 4))
  (segment (start 111.755 112.8308) (end 111.712105 112.873695) (width 0.203) (layer B.Cu) (net 4))
  (via (at 110.338092 113.007534) (size 0.508) (drill 0.254) (layers F.Cu B.Cu) (net 4))
  (segment (start 111.031292 112.53) (end 110.553758 113.007534) (width 0.203) (layer F.Cu) (net 4))
  (segment (start 111.932 113.03) (end 110.998002 113.03) (width 0.203) (layer F.Cu) (net 5))
  (via (at 110.363002 113.665) (size 0.508) (drill 0.254) (layers F.Cu B.Cu) (net 5))
  (segment (start 110.998002 113.03) (end 110.363002 113.665) (width 0.203) (layer F.Cu) (net 5))
  (segment (start 110.697202 113.3308) (end 110.363002 113.665) (width 0.203) (layer B.Cu) (net 5))
  (segment (start 111.755 113.3308) (end 110.697202 113.3308) (width 0.203) (layer B.Cu) (net 5))
  (via (at 112.776 113.538) (size 0.508) (drill 0.254) (layers F.Cu B.Cu) (net 8))
  (segment (start 112.78 113.542) (end 112.776 113.538) (width 0.203) (layer B.Cu) (net 8))
  (segment (start 112.78 114.3558) (end 112.78 113.542) (width 0.203) (layer B.Cu) (net 8))
  (via (at 110.617004 114.3) (size 0.508) (drill 0.254) (layers F.Cu B.Cu) (net 6))
  (segment (start 111.755 113.8308) (end 111.165304 113.8308) (width 0.203) (layer B.Cu) (net 6))
  (segment (start 111.165304 113.8308) (end 110.696104 114.3) (width 0.203) (layer B.Cu) (net 6))
  (segment (start 110.696104 114.3) (end 110.617004 114.3) (width 0.203) (layer B.Cu) (net 6))
  (segment (start 111.387004 113.53) (end 110.617004 114.3) (width 0.203) (layer F.Cu) (net 6))
  (segment (start 111.932 113.53) (end 111.387004 113.53) (width 0.203) (layer F.Cu) (net 6))
  (via (at 111.30967 114.368808) (size 0.508) (drill 0.254) (layers F.Cu B.Cu) (net 7))
  (segment (start 111.322678 114.3558) (end 111.30967 114.368808) (width 0.203) (layer B.Cu) (net 7))
  (segment (start 112.28 114.3558) (end 111.322678 114.3558) (width 0.203) (layer B.Cu) (net 7))
  (segment (start 111.593192 114.368808) (end 111.30967 114.368808) (width 0.203) (layer F.Cu) (net 7))
  (segment (start 111.932 114.03) (end 111.593192 114.368808) (width 0.203) (layer F.Cu) (net 7))
  (via (at 114.935 114.427) (size 0.508) (drill 0.254) (layers F.Cu B.Cu) (net 9))
  (segment (start 114.92849 114.43351) (end 114.935 114.427) (width 0.203) (layer F.Cu) (net 9))
  (segment (start 113.657 114.255) (end 113.83551 114.43351) (width 0.203) (layer F.Cu) (net 9))
  (segment (start 113.83551 114.43351) (end 114.92849 114.43351) (width 0.203) (layer F.Cu) (net 9))
  (segment (start 113.8512 114.427) (end 113.78 114.3558) (width 0.203) (layer B.Cu) (net 9))
  (segment (start 114.935 114.427) (end 113.8512 114.427) (width 0.203) (layer B.Cu) (net 9))
  (segment (start 113.657 111.1585) (end 114.4525 110.363) (width 0.203) (layer F.Cu) (net 10))
  (segment (start 113.657 111.805) (end 113.657 111.1585) (width 0.203) (layer F.Cu) (net 10))

  (zone (net 0) (net_name "") (layers F&B.Cu) (tstamp 0) (hatch edge 0.508)
    (connect_pads (clearance 0.508))
    (min_thickness 0.254)
    (keepout (tracks allowed) (vias allowed) (copperpour not_allowed))
    (fill (arc_segments 32) (thermal_gap 0.508) (thermal_bridge_width 0.508))
    (polygon
      (pts
        (xy 114.935 114.808) (xy 111.379 114.808) (xy 111.379 111.252) (xy 114.935 111.252)
      )
    )
  )
  (zone (net 1) (net_name GND) (layer F.Cu) (tstamp 0) (hatch edge 0.508)
    (connect_pads (clearance 0.508))
    (min_thickness 0.254)
    (fill yes (arc_segments 32) (thermal_gap 0.508) (thermal_bridge_width 0.508))
    (polygon
      (pts
        (xy 115.57 115.062) (xy 109.728 115.062) (xy 109.728 112.268) (xy 106.553 112.268) (xy 106.553 108.331)
        (xy 115.57 108.331)
      )
    )
    (filled_polygon
      (pts
        (xy 114.910001 109.288109) (xy 114.838408 109.266392) (xy 114.67125 109.249928) (xy 114.23375 109.249928) (xy 114.066592 109.266392)
        (xy 113.905858 109.31515) (xy 113.757725 109.394329) (xy 113.73607 109.4121) (xy 113.669494 109.357463) (xy 113.55918 109.298498)
        (xy 113.439482 109.262188) (xy 113.315 109.249928) (xy 113.16325 109.253) (xy 113.0045 109.41175) (xy 113.0045 110.236)
        (xy 113.0245 110.236) (xy 113.0245 110.49) (xy 113.0045 110.49) (xy 113.0045 110.51) (xy 112.7505 110.51)
        (xy 112.7505 110.49) (xy 111.96375 110.49) (xy 111.805 110.64875) (xy 111.801928 110.838) (xy 111.804152 110.860585)
        (xy 111.725873 110.782306) (xy 111.702804 110.754196) (xy 111.590657 110.66216) (xy 111.46271 110.593771) (xy 111.323879 110.551657)
        (xy 111.321793 110.551452) (xy 111.368537 110.494494) (xy 111.427502 110.38418) (xy 111.463812 110.264482) (xy 111.476072 110.14)
        (xy 111.473 109.98825) (xy 111.37275 109.888) (xy 111.801928 109.888) (xy 111.805 110.07725) (xy 111.96375 110.236)
        (xy 112.7505 110.236) (xy 112.7505 109.41175) (xy 112.59175 109.253) (xy 112.44 109.249928) (xy 112.315518 109.262188)
        (xy 112.19582 109.298498) (xy 112.085506 109.357463) (xy 111.988815 109.436815) (xy 111.909463 109.533506) (xy 111.850498 109.64382)
        (xy 111.814188 109.763518) (xy 111.801928 109.888) (xy 111.37275 109.888) (xy 111.31425 109.8295) (xy 110.49 109.8295)
        (xy 110.49 109.8495) (xy 110.236 109.8495) (xy 110.236 109.8295) (xy 108.966 109.8295) (xy 108.966 109.8495)
        (xy 108.712 109.8495) (xy 108.712 109.8295) (xy 107.88775 109.8295) (xy 107.86225 109.855) (xy 107.569 109.855)
        (xy 107.569 109.875) (xy 107.315 109.875) (xy 107.315 109.855) (xy 107.295 109.855) (xy 107.295 109.601)
        (xy 107.315 109.601) (xy 107.315 109.581) (xy 107.569 109.581) (xy 107.569 109.601) (xy 108.39325 109.601)
        (xy 108.41875 109.5755) (xy 108.712 109.5755) (xy 108.712 109.5555) (xy 108.966 109.5555) (xy 108.966 109.5755)
        (xy 110.236 109.5755) (xy 110.236 109.5555) (xy 110.49 109.5555) (xy 110.49 109.5755) (xy 111.31425 109.5755)
        (xy 111.473 109.41675) (xy 111.476072 109.265) (xy 111.463812 109.140518) (xy 111.427502 109.02082) (xy 111.411563 108.991)
        (xy 114.910001 108.991)
      )
    )
  )
  (zone (net 1) (net_name GND) (layer B.Cu) (tstamp 0) (hatch edge 0.508)
    (connect_pads (clearance 0.508))
    (min_thickness 0.254)
    (fill yes (arc_segments 32) (thermal_gap 0.508) (thermal_bridge_width 0.508))
    (polygon
      (pts
        (xy 115.57 115.062) (xy 109.728 115.062) (xy 109.728 112.268) (xy 106.553 112.268) (xy 106.553 108.331)
        (xy 115.57 108.331)
      )
    )
    (filled_polygon
      (pts
        (xy 114.910001 109.435854) (xy 114.8275 109.427728) (xy 114.2525 109.427728) (xy 114.081684 109.444552) (xy 113.917433 109.494377)
        (xy 113.766058 109.575288) (xy 113.742161 109.594899) (xy 113.669494 109.535263) (xy 113.55918 109.476298) (xy 113.439482 109.439988)
        (xy 113.315 109.427728) (xy 113.07575 109.4308) (xy 112.917 109.58955) (xy 112.917 110.4138) (xy 112.937 110.4138)
        (xy 112.937 110.6678) (xy 112.917 110.6678) (xy 112.917 110.6878) (xy 112.663 110.6878) (xy 112.663 110.6678)
        (xy 111.78875 110.6678) (xy 111.63 110.82655) (xy 111.626928 111.0158) (xy 111.637683 111.125) (xy 111.537996 111.125)
        (xy 111.522748 110.970184) (xy 111.472923 110.805933) (xy 111.392012 110.654558) (xy 111.372401 110.630661) (xy 111.432037 110.557994)
        (xy 111.491002 110.44768) (xy 111.527312 110.327982) (xy 111.539572 110.2035) (xy 111.537804 110.0658) (xy 111.626928 110.0658)
        (xy 111.63 110.25505) (xy 111.78875 110.4138) (xy 112.663 110.4138) (xy 112.663 109.58955) (xy 112.50425 109.4308)
        (xy 112.265 109.427728) (xy 112.140518 109.439988) (xy 112.02082 109.476298) (xy 111.910506 109.535263) (xy 111.813815 109.614615)
        (xy 111.734463 109.711306) (xy 111.675498 109.82162) (xy 111.639188 109.941318) (xy 111.626928 110.0658) (xy 111.537804 110.0658)
        (xy 111.5365 109.96425) (xy 111.37775 109.8055) (xy 110.5535 109.8055) (xy 110.5535 109.8255) (xy 110.2995 109.8255)
